This file has data used for comparision with reduced operational time
D - represents the data used
First row represents the charging time for the robots and second row represents the operation time


D1: [39 36 30 25 27 34 33 38 44 35; 45 36 42 44 42 35 59 31 48 49]

D2: [40 42 46 39 37 35 35 50 32 43; 30 42 38 27 29 35 31 34 28 41]

D3: [58 71 58 68 66 71 81 52 70 74; 59 72 85 75 77 72 62 47 73 69]

D4: [97 73 89 60 53 71 98 67 71 69; 59 70 54 96 64 85 45 76 72 48]

D5: [29 32 39 26 43 25 46 28 28 25; 37 28 36 40 32 35 44 47 32 50]

D6: [38 45 48 30 50 25 32 29 48 28; 49 33 39 35 37 40 46 36 30 50]

D7: [26 32 25 33 25 34 50 28 48 32; 30 52 38 30 41 43 38 28 36 34]

D8: [50 42 41 41 25 38 50 40 39 39; 49 46 31 49 47 50 38 40 49 49]

D9: [66 67 86 63 78 75 59 50 61 100; 42 68 49 72 57 60 49 40 89 80]

D10: [49 41 30 44 28 32 50 39 30 28; 50 47 36 28 56 52 49 49 33 44]

D11: [44 37 30 35 30 32 33 26 49 34; 46 33 33 40 40 43 42 49 51 26]

D12: [99 57 53 73 74 78 86 53 88 65; 53 76 80 60 59 55 47 61 80 49]

D13: [46 41 45 38 39 37 47 41 29 33; 38 31 27 25 45 26 61 40 52 51]

D14: [98 88 68 74 61 97 63 91 95 81; 62 72 52 46 83 63 97 69 85 79]

D15: [84 63 75 52 98 92 80 80 98 95; 60 45 69 92 46 52 55 40 46 49]

